10100000000100000010000000001100
10100010000100000010000000000101
10100100000100000010000000000111
10100000000001000000000000010001
10100100001001001000000000010001
10100010000001000100000000010000
10100110000001001000000000010001
10100000000001001100000000010000
10100110001001000000000000010001
10100110000001001100000000010010
00000001000000000000000000000000
00000001000000000000000000000000
00000001000000000000000000000000
00000001000000000000000000000000
00000001000000000000000000000000
00000001000000000000000000000000
00000001000000000000000000000000
00000001000000000000000000000000
00000001000000000000000000000000
00000001000000000000000000000000
00000001000000000000000000000000
00000001000000000000000000000000
00000001000000000000000000000000
00000001000000000000000000000000
00000001000000000000000000000000
00000001000000000000000000000000
00000001000000000000000000000000
00000001000000000000000000000000
00000001000000000000000000000000
00000001000000000000000000000000
00000001000000000000000000000000
00000001000000000000000000000000